[
  {
    "transform": [
      [
        1.0,
        0.0,
        0.0,
        0.0
      ],
      [
        0.0,
        1.0,
        0.0,
        0.0
      ],
      [
        0.0,
        0.0,
        1.0,
        0.0
      ],
      [
        0.0,
        0.0,
        0.0,
        1.0
      ]
    ],
    "info": [
      0,
      0,
      0.2846336122273313,
      0.7246254353290534,
      0.0,
      0.0
    ]
  },
  {
    "transform": [
      [
        -0.7927548049606999,
        0.0,
        0.6095406624760341,
        0.0
      ],
      [
        0.0,
        1.0,
        0.0,
        0.7246254353290534
      ],
      [
        -0.6095406624760341,
        0.0,
        -0.7927548049606999,
        0.0
      ],
      [
        0.0,
        0.0,
        0.0,
        1.0
      ]
    ],
    "info": [
      1,
      1,
      0.2846336122273313,
      0.4,
      2.486111611236527,
      1.4835298641951802
    ]
  },
  {
    "transform": [
      [
        -0.7927548049606999,
        0.6072211762299554,
        0.053124969172998346,
        0.22256627732121434
      ],
      [
        0.0,
        0.08715574274765814,
        -0.9961946980917455,
        1.1231033145657516
      ],
      [
        -0.6095406624760341,
        -0.7897381335886051,
        -0.06909313384312467,
        -0.2894646684470301
      ],
      [
        0.0,
        0.0,
        0.0,
        1.0
      ]
    ],
    "info": [
      2,
      0,
      0.2846336122273313,
      1.1256492950112214,
      0.0,
      0.0
    ]
  },
  {
    "transform": [
      [
        -0.7927548049606999,
        0.6072211762299554,
        0.053124969172998346,
        0.9060843662603483
      ],
      [
        0.0,
        0.08715574274765814,
        -0.9961946980917455,
        1.2212101149458323
      ],
      [
        -0.6095406624760341,
        -0.7897381335886051,
        -0.06909313384312467,
        -1.1784328417645211
      ],
      [
        0.0,
        0.0,
        0.0,
        1.0
      ]
    ],
    "info": [
      3,
      0,
      0.2806688378766299,
      0.8306751507155425,
      0.0,
      0.0
    ]
  }
]