[
  {
    "transform": [
      [
        1.0,
        0.0,
        0.0,
        0.0
      ],
      [
        0.0,
        1.0,
        0.0,
        0.0
      ],
      [
        0.0,
        0.0,
        1.0,
        0.0
      ],
      [
        0.0,
        0.0,
        0.0,
        1.0
      ]
    ],
    "info": [
      0,
      0,
      0.2685760639979553,
      1.241614119285212,
      0.0,
      0.0
    ]
  },
  {
    "transform": [
      [
        -0.3626610377328636,
        0.0,
        0.9319211188241859,
        0.0
      ],
      [
        0.0,
        1.0,
        0.0,
        1.241614119285212
      ],
      [
        -0.9319211188241859,
        0.0,
        -0.3626610377328636,
        0.0
      ],
      [
        0.0,
        0.0,
        0.0,
        1.0
      ]
    ],
    "info": [
      1,
      1,
      0.2685760639979553,
      0.3,
      1.9419180717534794,
      1.4835298641951802
    ]
  },
  {
    "transform": [
      [
        -0.3626610377328636,
        0.9283748776123817,
        0.0812222772933505,
        0.25520965245925065
      ],
      [
        0.0,
        0.08715574274765814,
        -0.9961946980917455,
        1.5404725287127357
      ],
      [
        -0.9319211188241859,
        -0.36128100299392923,
        -0.031607992109244205,
        -0.09931591368708582
      ],
      [
        0.0,
        0.0,
        0.0,
        1.0
      ]
    ],
    "info": [
      2,
      0,
      0.2685760639979553,
      0.9024250731778841,
      0.0,
      0.0
    ]
  },
  {
    "transform": [
      [
        -0.25783896316313737,
        0.9283748776123817,
        -0.2676549190527866,
        1.0929984193251134
      ],
      [
        0.8511521864897741,
        0.08715574274765814,
        -0.5176329123421163,
        1.6191240562396638
      ],
      [
        -0.45722972837364295,
        -0.36128100299392923,
        -0.8126604533057242,
        -0.4253449492516618
      ],
      [
        0.0,
        0.0,
        0.0,
        1.0
      ]
    ],
    "info": [
      3,
      1,
      0.2685760639979553,
      0.3,
      1.0244016805934821,
      0.9599310885968813
    ]
  },
  {
    "transform": [
      [
        -0.25783896316313737,
        0.3132438797926538,
        -0.9140007335048501,
        1.2869021636607325
      ],
      [
        0.8511521864897741,
        -0.3740295780035788,
        -0.3682958460424741,
        1.5743229363497713
      ],
      [
        -0.45722972837364295,
        -0.8729147418567924,
        -0.17017881460526857,
        -0.6180894408617985
      ],
      [
        0.0,
        0.0,
        0.0,
        1.0
      ]
    ],
    "info": [
      4,
      0,
      0.2685760639979553,
      0.6029457305243892,
      0.0,
      0.0
    ]
  }
]