[
  {
    "transform": [
      [
        1.0,
        0.0,
        0.0,
        0.0
      ],
      [
        0.0,
        1.0,
        0.0,
        0.0
      ],
      [
        0.0,
        0.0,
        1.0,
        0.0
      ],
      [
        0.0,
        0.0,
        0.0,
        1.0
      ]
    ],
    "info": [
      0,
      0,
      0.2691522625821135,
      1.1803912631124909,
      0.0,
      0.0
    ]
  },
  {
    "transform": [
      [
        -0.0919752756587496,
        0.0,
        -0.9957612910067839,
        0.0
      ],
      [
        0.0,
        1.0,
        0.0,
        1.1803912631124909
      ],
      [
        0.9957612910067839,
        0.0,
        -0.0919752756587496,
        0.0
      ],
      [
        0.0,
        0.0,
        0.0,
        1.0
      ]
    ],
    "info": [
      1,
      1,
      0.2691522625821135,
      0.3,
      4.62028353185051,
      1.4835298641951802
    ]
  },
  {
    "transform": [
      [
        -0.0919752756587496,
        -0.9919721186659499,
        -0.0867863149170632,
        -0.2726924928269162
      ],
      [
        0.0,
        0.08715574274765814,
        -0.9961946980917455,
        1.4792496725400146
      ],
      [
        0.9957612910067839,
        -0.09162528196677314,
        -0.008016173464458924,
        -0.025187730658287204
      ],
      [
        0.0,
        0.0,
        0.0,
        1.0
      ]
    ],
    "info": [
      2,
      0,
      0.2691522625821135,
      0.6417117289491344,
      0.0,
      0.0
    ]
  },
  {
    "transform": [
      [
        -0.0919752756587496,
        -0.9919721186659499,
        -0.0867863149170632,
        -0.9092526361653789
      ],
      [
        0.0,
        0.08715574274765814,
        -0.9961946980917455,
        1.5351785349064604
      ],
      [
        0.9957612910067839,
        -0.09162528196677314,
        -0.008016173464458924,
        -0.08398474876463714
      ],
      [
        0.0,
        0.0,
        0.0,
        1.0
      ]
    ],
    "info": [
      3,
      0,
      0.2691522625821135,
      1.4869769334559613,
      0.0,
      0.0
    ]
  }
]