[
  {
    "transform": [
      [
        1.0,
        0.0,
        0.0,
        0.0
      ],
      [
        0.0,
        1.0,
        0.0,
        0.0
      ],
      [
        0.0,
        0.0,
        1.0,
        0.0
      ],
      [
        0.0,
        0.0,
        0.0,
        1.0
      ]
    ],
    "info": [
      0,
      0,
      0.29428662701154457,
      0.9909779944730884,
      0.0,
      0.0
    ]
  },
  {
    "transform": [
      [
        1.0,
        0.0,
        0.0,
        0.0
      ],
      [
        0.0,
        1.0,
        0.0,
        0.9909779944730884
      ],
      [
        0.0,
        0.0,
        1.0,
        0.0
      ],
      [
        0.0,
        0.0,
        0.0,
        1.0
      ]
    ],
    "info": [
      1,
      0,
      0.29428662701154457,
      0.623628032405178,
      0.0,
      0.0
    ]
  },
  {
    "transform": [
      [
        -0.08043340819218796,
        0.0,
        -0.9967599845733118,
        0.0
      ],
      [
        0.0,
        1.0,
        0.0,
        1.6146060268782665
      ],
      [
        0.9967599845733118,
        0.0,
        -0.08043340819218796,
        0.0
      ],
      [
        0.0,
        0.0,
        0.0,
        1.0
      ]
    ],
    "info": [
      2,
      1,
      0.29428662701154457,
      0.5,
      4.631868590959388,
      1.4835298641951802
    ]
  },
  {
    "transform": [
      [
        -0.08043340819218796,
        -0.9929670119019434,
        -0.08687335679663126,
        -0.4549433138883403
      ],
      [
        0.0,
        0.08715574274765814,
        -0.9961946980917455,
        2.112703375924139
      ],
      [
        0.9967599845733118,
        -0.08012733479050682,
        -0.0070102334327157125,
        -0.03671158737973612
      ],
      [
        0.0,
        0.0,
        0.0,
        1.0
      ]
    ],
    "info": [
      3,
      0,
      0.29428662701154457,
      1.2015235965318,
      0.0,
      0.0
    ]
  },
  {
    "transform": [
      [
        -0.08043340819218796,
        -0.9929670119019434,
        -0.08687335679663126,
        -1.648016609266198
      ],
      [
        0.0,
        0.08715574274765814,
        -0.9961946980917455,
        2.2174230574087055
      ],
      [
        0.9967599845733118,
        -0.08012733479050682,
        -0.0070102334327157125,
        -0.13298647085773352
      ],
      [
        0.0,
        0.0,
        0.0,
        1.0
      ]
    ],
    "info": [
      4,
      0,
      0.29428662701154457,
      0.9884123208454898,
      0.0,
      0.0
    ]
  }
]