[
  {
    "transform": [
      [
        1.0,
        0.0,
        0.0,
        0.0
      ],
      [
        0.0,
        1.0,
        0.0,
        0.0
      ],
      [
        0.0,
        0.0,
        1.0,
        0.0
      ],
      [
        0.0,
        0.0,
        0.0,
        1.0
      ]
    ],
    "info": [
      0,
      0,
      0.39377375976293816,
      1.1890530457434763,
      0.0,
      0.0
    ]
  },
  {
    "transform": [
      [
        1.0,
        0.0,
        0.0,
        0.0
      ],
      [
        0.0,
        1.0,
        0.0,
        1.1890530457434763
      ],
      [
        0.0,
        0.0,
        1.0,
        0.0
      ],
      [
        0.0,
        0.0,
        0.0,
        1.0
      ]
    ],
    "info": [
      1,
      0,
      0.38070126418064176,
      1.4916730851849076,
      0.0,
      0.0
    ]
  },
  {
    "transform": [
      [
        -0.9948864227416032,
        0.0,
        0.10100002893274841,
        0.0
      ],
      [
        0.0,
        1.0,
        0.0,
        2.6807261309283836
      ],
      [
        -0.10100002893274841,
        0.0,
        -0.9948864227416032,
        0.0
      ],
      [
        0.0,
        0.0,
        0.0,
        1.0
      ]
    ],
    "info": [
      2,
      1,
      0.38070126418064176,
      0.4,
      3.0404201145976653,
      0.7853981633974483
    ]
  },
  {
    "transform": [
      [
        -0.9948864227416032,
        0.07141780535838389,
        0.0714178053583839,
        0.011832889429745802
      ],
      [
        0.0,
        0.7071067811865476,
        -0.7071067811865475,
        2.9635688434030025
      ],
      [
        -0.10100002893274841,
        -0.7034909360310138,
        -0.7034909360310139,
        -0.11655819468423573
      ],
      [
        0.0,
        0.0,
        0.0,
        1.0
      ]
    ],
    "info": [
      3,
      0,
      0.38070126418064176,
      0.7382017373639432,
      0.0,
      0.0
    ]
  },
  {
    "transform": [
      [
        0.991092628583348,
        0.07141780535838389,
        0.11240506503508556,
        0.06455363742402473
      ],
      [
        -0.12978812118852517,
        0.7071067811865476,
        0.6950935502494269,
        3.4855562977767374
      ],
      [
        -0.029840327848442275,
        -0.7034909360310138,
        0.7100775012321582,
        -0.6358764258821168
      ],
      [
        0.0,
        0.0,
        0.0,
        1.0
      ]
    ],
    "info": [
      4,
      1,
      0.38070126418064176,
      0.5,
      3.326187340213988,
      0.7853981633974483
    ]
  },
  {
    "transform": [
      [
        0.991092628583348,
        0.1299823981923981,
        0.0289823692596497,
        0.10626498531174267
      ],
      [
        -0.12978812118852517,
        0.991505362940402,
        -0.00849463705959802,
        3.83735039143125
      ],
      [
        -0.029840327848442275,
        0.004657404918456454,
        0.9995438276600597,
        -0.7806095890960676
      ],
      [
        0.0,
        0.0,
        0.0,
        1.0
      ]
    ],
    "info": [
      5,
      0,
      0.38070126418064176,
      1.2861158527608785,
      0.0,
      0.0
    ]
  }
]