[
  {
    "transform": [
      [
        1.0,
        0.0,
        0.0,
        0.0
      ],
      [
        0.0,
        1.0,
        0.0,
        0.0
      ],
      [
        0.0,
        0.0,
        1.0,
        0.0
      ],
      [
        0.0,
        0.0,
        0.0,
        1.0
      ]
    ],
    "info": [
      0,
      0,
      0.34736456913310454,
      1.4675038504989297,
      0.0,
      0.0
    ]
  },
  {
    "transform": [
      [
        0.8670037587184372,
        0.0,
        0.4983015977980625,
        0.0
      ],
      [
        0.0,
        1.0,
        0.0,
        1.4675038504989297
      ],
      [
        -0.4983015977980625,
        0.0,
        0.8670037587184372,
        0.0
      ],
      [
        0.0,
        0.0,
        0.0,
        1.0
      ]
    ],
    "info": [
      1,
      1,
      0.34736456913310454,
      0.3,
      0.5216387374235826,
      0.7853981633974483
    ]
  },
  {
    "transform": [
      [
        0.8670037587184372,
        0.35235243887910156,
        0.3523524388791016,
        0.04378474767568826
      ],
      [
        0.0,
        0.7071067811865476,
        -0.7071067811865475,
        1.679635884854894
      ],
      [
        -0.4983015977980625,
        0.6130642371040321,
        0.6130642371040322,
        0.07618185648432146
      ],
      [
        0.0,
        0.0,
        0.0,
        1.0
      ]
    ],
    "info": [
      2,
      0,
      0.34736456913310454,
      0.8551056718093165,
      0.0,
      0.0
    ]
  },
  {
    "transform": [
      [
        0.8670037587184372,
        0.35235243887910156,
        0.3523524388791016,
        0.3450833166370535
      ],
      [
        0.0,
        0.7071067811865476,
        -0.7071067811865475,
        2.2842869040223404
      ],
      [
        -0.4983015977980625,
        0.6130642371040321,
        0.6130642371040322,
        0.600416562815431
      ],
      [
        0.0,
        0.0,
        0.0,
        1.0
      ]
    ],
    "info": [
      3,
      0,
      0.34736456913310454,
      0.7438626622234101,
      0.0,
      0.0
    ]
  }
]