[
  {
    "transform": [
      [
        1.0,
        0.0,
        0.0,
        0.0
      ],
      [
        0.0,
        1.0,
        0.0,
        0.0
      ],
      [
        0.0,
        0.0,
        1.0,
        0.0
      ],
      [
        0.0,
        0.0,
        0.0,
        1.0
      ]
    ],
    "info": [
      0,
      0,
      0.3222800889087223,
      0.7627277075418776,
      0.0,
      0.0
    ]
  },
  {
    "transform": [
      [
        0.5542705389839233,
        0.0,
        -0.8323365723158337,
        0.0
      ],
      [
        0.0,
        1.0,
        0.0,
        0.7627277075418776
      ],
      [
        0.8323365723158337,
        0.0,
        0.5542705389839233,
        0.0
      ],
      [
        0.0,
        0.0,
        0.0,
        1.0
      ]
    ],
    "info": [
      1,
      1,
      0.3222800889087223,
      0.3,
      5.299875289024661,
      1.4835298641951802
    ]
  },
  {
    "transform": [
      [
        0.5542705389839233,
        -0.8291692803688903,
        -0.07254291217622635,
        -0.2279380980418822
      ],
      [
        0.0,
        0.08715574274765814,
        -0.9961946980917455,
        1.0615861169694012
      ],
      [
        0.8323365723158337,
        0.5521613722442386,
        0.04830786050828864,
        0.15178880354269042
      ],
      [
        0.0,
        0.0,
        0.0,
        1.0
      ]
    ],
    "info": [
      2,
      0,
      0.3222800889087223,
      1.2201685459531644,
      0.0,
      0.0
    ]
  },
  {
    "transform": [
      [
        0.2440034431808337,
        -0.8291692803688903,
        0.5029320274236214,
        -1.2396643732186226
      ],
      [
        0.9451312232760111,
        0.08715574274765814,
        -0.3148505157926456,
        1.1679308128692794
      ],
      [
        0.21723096120187063,
        0.5521613722442386,
        0.8049400775813507,
        0.825518742245447
      ],
      [
        0.0,
        0.0,
        0.0,
        1.0
      ]
    ],
    "info": [
      3,
      1,
      0.3222800889087223,
      0.3,
      1.2492297822265013,
      1.4835298641951802
    ]
  },
  {
    "transform": [
      [
        0.2440034431808337,
        0.42875135472585224,
        0.8698474553257278,
        -1.3497390015892545
      ],
      [
        0.9451312232760111,
        -0.30605629103018894,
        -0.11426511939185643,
        1.1077551939490426
      ],
      [
        0.21723096120187063,
        0.8500010720826127,
        -0.479905081191813,
        1.210972289877396
      ],
      [
        0.0,
        0.0,
        0.0,
        1.0
      ]
    ],
    "info": [
      4,
      0,
      0.3222800889087223,
      0.7413692803590407,
      0.0,
      0.0
    ]
  }
]